1606035684.122200
1606035684.576572
1606035684.898768
1606035686.385750
1606035686.887219
1606035687.417310
1606035688.234981
1606035688.760441
1606035689.181150
1606035689.547315
1606035689.955694
1606035690.292053
1606035690.868850
1606035691.474501
1606035691.789050
1606035692.108172
1606035692.586960
1606035693.829740
1606035694.108735
1606035694.918192
1606035695.583733
1606035695.950448
1606035696.435088
1606035696.835246
1606035697.058656
1606035697.812278
1606035698.087876
1606035698.367824
1606035698.634433
1606035698.766198
1606035698.870615
1606035699.119982
1606035699.333397
1606035699.453635
1606035699.586992
1606035699.745596
1606035699.887106
1606035700.179247
1606035700.521337
1606035700.685938
1606035700.837375
1606035700.954607
1606035701.103577
1606035701.337807
1606035701.587348
1606035701.731448
1606035701.850643
1606035702.002992
1606035702.128482
1606035702.374295
1606035702.582915
1606035702.718676
1606035702.896427
1606035703.005486
1606035703.161980
1606035703.451607
1606035703.694718
1606035703.802871
1606035703.984088
1606035704.281950
1606035704.514875
1606035704.670097
1606035704.957742
1606035705.469737
1606035705.691208
1606035705.835932
1606035706.168724
1606035706.920962
1606035707.267541
1606035707.487879
1606035707.655602
1606035707.798641
1606035707.922193
1606035709.142267
1606035709.251991
1606035709.485524
1606035709.619523
1606035709.762943
1606035709.874230
1606035709.983979
1606035710.129837
1606035710.227893
1606035710.494423
1606035710.595155
1606035710.708851
1606035711.217137
1606035711.482758
1606035711.616176
1606035711.748677
1606035711.915153
1606035712.125700
1606035712.249367
1606035712.515397
1606035712.656526
1606035712.780528
1606035712.958537
1606035713.080007
1606035713.402325
1606035713.557040
1606035713.702805
